243595418
243595003
243595004
243595579
244376254
244376364
244376571
244376572
244376367
244376666
244376256
244376368
244376667
244376257
244376573
244376858
244376963
244376755
244376756
244376757
244376759
244376959
244376961
244376962
244376856
244376459
244376461
244376665
244376369
244376668
244376258
244376462
244376760
244376574
244376859
244376964
244376370
244376669
244376259
244376463
244376761
244376575
244376860
244376965
244376371
244376670
244376966
244376576
244376861
244376967
244376373
244376671
244376261
244376464
244376762
244376577
244376862
244376968
244376578
244376863
244376969
244376579
244376864
244376970
244376376
244376672
244376262
244376377
244376673
244376971
244376378
244376865
244376379
244376675
244376264
244376466
244376763
244376580
244376866
244376380
244376676
244376265
244376467
244376764
244376581
244376867
244376381
244376677
244376266
244376468
244376765
244376582
244376868
244376975
244376972
244376973
244376974
244376583
244376976
244376383
244376869
244376766
244376585
244376469
244376678
244376977
244376384
244376870
244376679
244376978
244376385
244376267
244376680
244376586
244376268
244376769
244376386
244376872
244376979
244376387
244376873
244376980
244376471
244376874
244376981
244376472
244376682
244376587
244376269
244376770
244376388
244376270
244376771
244376389
244376876
244376982
244376473
244376683
244376588
244376271
244376772
244376390
244376877
244376773
244376589
244376272
244376684
244376983
244376391
244376273
244376685
244376984
244376392
244376879
244376985
244376474
244376686
244376590
244376274
244376774
244376393
244376880
244376775
244376591
244376475
244376276
244376687
244376592
244376395
244376277
244376688
244376593
244376594
244376595
244376479
244376278
244376882
244376776
244376596
244376279
244376988
244376884
244376690
244397126
244395980
244376778
244397236
244396496
244376779
244397237
244396497
244384508
244397127
244395981
244376780
244395982
244376781
244395983
244376782
244397240
244396498
244384509
244396499
244384510
244376991
244397016
244397017
244397018
244397019
244376989
244376990
244397128
244395984
244397020
244376783
244397129
244395985
244396500
244376992
244395986
244397241
244384511
244395987
244376784
244397242
244395988
244396501
244376993
244384512
244376785
244376786
244395989
244397130
244395990
244395991
244376994
244397243
244396502
244397244
244395992
244376995
244397245
244395993
244376996
244397246
244384516
244396504
244397132
244397247
244396505
244395994
244376997
244384517
244397133
244397248
244384518
244397134
244397249
244376789
244397135
244397250
244384519
244384520
244397137
244397251
244376790
244376998
244396506
244384521
244396507
244376791
244376999
244397252
244384522
244377000
244384523
244376793
244397029
244397021
244397023
244397024
244397025
244397027
244397028
244395995
244395996
244395998
244396509
244376794
244397030
244396510
244397139
244397253
244395999
244377001
244397254
244396000
244377002
244384525
244396001
244377003
244384526
244376796
244397031
244396511
244397140
244397255
244396002
244377004
244384527
244376797
244397032
244397141
244397033
244384528
244376798
244377005
244384529
244376799
244397035
244397142
244397257
244396003
244377006
244384530
244376800
244397143
244397258
244396004
244377007
244384531
244376801
244397036
244397144
244397259
244396005
244377008
244384532
244376802
244397037
244397260
244396006
244377009
244384533
244397145
244377010
244384534
244397146
244397039
244396516
244396512
244396514
244396515
244377011
244397261
244396007
244376803
244384535
244397147
244376804
244384536
244397148
244376805
244384537
244397149
244376806
244397262
244396008
244376807
244384539
244397150
244397043
244396517
244377012
244397263
244396009
244376808
244384540
244396010
244397044
244396518
244397265
244396011
244376810
244397266
244396012
244376811
244397267
244396013
244376812
244384543
244397045
244396519
244377015
244377013
244377014
244397152
244384544
244396014
244397268
244397153
244397046
244396520
244377016
244384545
244396015
244397269
244396016
244377017
244384547
244396017
244376817
244376813
244376814
244376816
244384548
244396018
244407913
244397272
244396019
244377018
244384549
244396020
244407915
244384550
244396021
244377019
244384551
244396521
244408015
244397047
244396522
244408016
244384553
244396523
244397156
244397048
244396524
244408018
244384554
244396525
244408019
244384555
244396025
244407917
244397274
244397157
244397049
244396526
244408020
244384556
244396026
244407918
244397275
244396027
244407919
244396527
244397159
244397050
244397276
244408021
244384557
244396028
244408022
244384558
244396029
244407921
244384559
244397277
244408023
244384560
244396031
244407922
244397278
244408024
244397279
244397160
244384561
244396032
244408025
244384562
244396033
244407923
244396530
244396034
244396531
244408026
244396532
244397162
244407924
244384563
244397280
244384564
244396533
244384565
244396534
244397281
244397163
244396535
244397282
244397164
244407925
244397054
244397051
244397052
244397053
244396037
244408027
244397055
244384567
244407926
244397284
244397165
244407927
244397285
244397166
244396538
244396038
244408028
244397056
244384568
244407928
244397057
244396039
244397167
244396539
244396040
244408030
244397058
244384570
244407929
244397287
244397168
244396540
244396041
244408031
244397059
244384571
244407930
244397288
244397169
244407931
244397289
244384572
244407932
244397290
244384573
244407933
244397291
244397172
244407934
244397292
244384574
244408032
244397060
244384575
244407936
244397293
244397174
244407937
244397294
244397175
244396544
244396042
244397176
244396545
244396043
244408034
244397061
244384576
244407938
244397062
244384577
244408035
244396546
244396044
244408036
244397064
244384578
244407940
244397296
244397177
244407941
244397297
244397178
244407942
244397298
244397179
244396549
244384579
244408037
244396550
244384580
244408038
244397066
244396045
244407943
244397299
244397180
244407944
244397300
244397181
244396552
244384581
244408039
244397067
244396046
244407945
244397301
244397182
244396553
244384582
244408040
244397068
244396047
244407946
244397302
244397183
244396554
244384583
244408041
244397069
244396048
244407947
244397303
244397184
244396555
244384584
244408042
244397070
244396049
244407948
244397304
244397185
244396556
244384585
244408043
244397071
244396050
244407949
244397305
244397186
244396557
244384586
244408044
244397072
244396051
244407950
244397306
244396558
244384587
244397073
244396052
244407951
244397307
244396559
244397308
244397189
244397187
244408045
244397188
244396560
244384589
244408046
244397074
244396053
244407952
244397309
244397191
244407953
244397075
244397192
244396561
244397311
244397193
244396562
244397312
244396055
244396563
244397313
244396056
244407955
244384590
244408047
244397076
244397194
244396564
244397314
244396057
244407956
244384591
244384592
244408048
244407957
244384593
244408049
244397078
244397195
244408050
244397079
244397196
244408051
244407958
244384594
244408052
244397081
244384595
244408053
244397082
244397198
244396567
244397315
244396058
244396568
244397316
244396059
244407960
244384596
244396060
244396569
244397083
244397199
244396570
244397318
244396061
244407962
244384597
244408055
244397084
244397200
244408056
244397085
244384598
244408057
244397086
244397202
244396572
244397087
244397203
244396573
244397088
244384599
244396062
244407963
244384600
244408059
244397089
244397205
244396574
244397321
244396063
244407964
244384601
244408060
244397090
244384602
244408061
244397091
244397207
244396575
244397092
244384603
244396064
244407965
244384604
244408063
244397093
244396576
244397094
244396577
244396065
244407966
244384605
244397095
244396578
244396066
244407967
244397326
244397209
244397210
244408064
244397211
244397324
244397325
244396067
244407968
244397327
244396068
244407969
244384608
244408065
244407970
244384609
244408066
244397097
244397212
244396579
244397328
244396069
244407971
244384610
244408067
244407972
244384611
244408068
244397099
244397213
244396580
244397100
244384612
244408069
244397101
244384613
244408070
244397216
244396581
244397330
244396070
244407973
244408071
244397217
244396582
244397331
244396071
244407974
244384615
244397102
244384614
244397103
244408072
244397104
244397218
244396583
244397332
244396072
244407975
244384616
244408073
244397105
244397219
244396584
244397333
244397220
244397106
244397221
244397107
244397222
244397336
244396074
244407976
244412001
244412004
244412005
244412106
244412207
244412310
244412513
244412413
244396585
244396586
244396587
244412003
244412208
244412209
244412210
244412309
244412412
244412514
244412313
244412614
244412006
244412107
244412715
244412007
244412108
244412716
244412212
244412414
244412717
244412008
244412109
244412718
244412214
244412110
244412615
244412516
244412314
244412616
244412010
244412315
244412617
244412011
244412112
244412416
244412517
244412113
244412619
244412012
244412317
244412720
244412215
244412417
244412518
244412114
244412620
244412013
244412318
244412621
244412014
244412319
244412722
244412216
244412320
244412723
244412217
244412419
244412519
244412115
244412622
244412015
244412321
244412724
244412218
244412420
244412520
244412219
244412421
244412725
244412220
244412422
244412726
244412221
244412423
244412523
244412117
244412623
244412016
244412322
244412727
244412222
244412424
244412524
244412118
244412624
244412525
244412119
244412625
244412018
244412323
244412728
244412223
244412324
244412729
244412224
244412325
244412730
244412225
244412426
244412731
244412226
244412427
244412527
244412626
244412019
244412326
244412732
244412227
244412428
244412528
244412228
244412327
244412529
244414039
244414041
244414042
244414145
244414246
244412328
244414449
244414552
244412124
244412120
244412122
244412123
244414040
244414044
244414045
244414347
244414756
244414046
244414147
244414247
244414348
244412329
244414959
244412125
244414757
244414047
244414148
244414248
244414048
244414149
244414249
244414049
244412126
244414758
244414050
244414151
244414250
244414351
244412330
244415062
244412127
244412331
244415063
244412128
244414760
244414051
244414152
244414251
244414352
244414153
244414252
244414052
244414154
244414253
244414354
244414155
244414254
244414355
244412334
244415064
244412129
244412335
244414255
244414053
244414156
244414256
244414357
244412336
244414257
244414358
244412337
244415067
244412130
244414762
244414054
244414763
244414055
244414259
244414056
244414764
244414057
244412131
244414765
244414360
244414161
244414157
244414158
244414159
244414261
244414058
244414162
244414766
244415068
244412132
244414767
244415069
244412133
244414768
244414363
244414163
244414263
244414364
244412134
244412339
244415070
244412135
244412340
244415071
244412136
244414771
244415072
244412137
244414772
244415073
244412138
244414367
244414165
244414264
244414368
244414166
244414369
244414167
244414266
244414061
244412341
244415074
244412139
244414370
244414168
244414776
244414773
244414774
244414775
244415075
244412140
244414777
244414372
244414169
244414268
244414062
244412342
244414269
244414373
244414170
244414778
244415077
244414064
244412343
244415078
244412142
244414779
244414375
244414171
244414271
244414065
244412344
244415079
244412143
244414780
244414376
244414172
244414781
244414377
244412144
244414782
244412145
244414783
244412146
244414784
244414380
244414174
244414785
244412147
244414786
244414382
244412148
244414787
244414383
244414176
244414274
244414066
244412345
244415083
244415080
244415081
244415082
244412149
244412346
244414275
244414067
244412347
244415085
244412150
244414789
244414384
244414177
244414790
244415086
244412348
244414277
244412349
244415088
244412152
244414791
244414386
244414178
244414278
244414387
244414179
244414279
244414180
244414792
244414388
244414181
244414281
244414072
244414068
244414069
244414071
244412351
244415089
244412153
244414793
244414389
244414182
244414282
244414073
244412352
244415090
244412154
244414794
244414390
244412155
244414795
244414391
244414184
244414283
244414074
244414185
244414284
244414075
244415091
244412156
244414796
244414392
244414186
244414285
244414076
244414187
244414286
244414077
244415092
244412157
244414797
244415093
244412158
244414798
244414394
244414188
244414799
244414395
244412159
244414800
244414396
244414190
244414288
244414397
244414191
244414289
244414079
244415094
244412160
244414801
244415095
244414080
244412358
244412354
244412356
244412357
244415096
244412162
244414802
244414399
244414192
244414081
244412359
244414082
244414193
244414194
244414084
244414195
244414294
244414290
244414291
244414292
244414293
244414400
244414085
244412362
244415098
244412163
244414803
244415099
244412164
244414804
244414402
244414196
244414295
244414403
244414197
244414805
244414404
244412165
244414806
244414405
244414199
244414807
244415100
244412166
244414808
244415101
244412167
244414809
244414408
244414200
244414409
244414201
244414410
244414202
244414300
244414087
244412363
244414301
244414088
244412364
244415103
244414089
244412365
244414090
244414203
244414091
244412367
244415105
244412169
244414411
244414204
244414304
244414810
244414811
244414812
244414302
244414303
244414092
244412368
244415106
244412170
244414813
244414412
244414205
244414305
244414093
244412369
244415107
244412171
244412370
244415108
244412172
244414815
244414094
244412173
244414816
244414095
244414207
244414306
244414413
244412371
244414307
244414414
244414817
244415110
244412174
244412372
244414096
244414208
244414097
244414209
244412373
244414415
244412374
244414416
244414819
244415111
244412175
244414098
244412375
244414099
244412376
244414418
244414820
244415112
244412176
244414821
244415113
244412177
244414312
244414309
244414310
244414210
244414211
244414212
244414100
244414213
244412377
244414419
244414822
244415114
244412178
244414823
244415115
244412179
244414314
244414101
244414214
244412378
244414420
244414824
244412379
244414421
244414825
244412380
244414422
244414215
244414315
244415118
244412180
244414316
244415119
244412181
244414317
244415120
244412182
244414318
244414105
244414216
244412382
244414423
244414827
244412383
244414424
244414828
244415122
244412183
244414319
244414106
244414217
244412384
244414425
244414829
244415123
244414426
244414218
244412385
244414427
244414831
244415124
244412185
244414320
244414107
244414219
244412386
244414428
244414832
244415125
244412186
244414321
244414108
244414220
244412387
244414429
244414833
244415126
244412187
244414834
244415127
244412188
244414323
244414109
244414221
244412388
244414110
244414222
244414324
244414111
244412189
244414835
244415128
244414431
244414836
244415129
244412191
244414326
244415130
244414432
244414837
244415131
244412193
244414327
244414113
244414224
244412390
244414114
244414225
244412391
244414434
244414838
244412392
244414115
244414226
244414328
244414116
244414227
244412394
244414436
244414839
244415133
244412194
244414329
244422040
244422042
244414840
244422144
244422145
244414841
244422458
244422459
244422357
244422146
244414842
244422044
244422560
244422045
244422763
244422663
244422460
244422563
244422457
244422561
244422562
244422046
244422764
244422564
244422665
244422461
244422359
244422147
244422462
244422360
244422148
244414844
244422047
244422765
244422565
244422666
244422463
244422361
244422667
244422464
244422362
244422150
244414845
244422363
244422151
244414846
244422364
244422152
244414847
244422050
244422766
244422566
244422668
244422465
244422567
244422051
244422153
244414848
244422052
244422768
244422568
244422670
244422466
244422569
244422671
244414849
244422367
244422154
244422467
244422368
244422155
244422468
244422054
244422570
244422672
244414850
244422369
244422673
244422370
244422156
244422469
244422055
244422470
244422056
244422572
244422674
244422371
244422675
244414853
244422769
244422770
244422771
244414851
244414852
244422573
244422676
244414854
244422373
244422158
244422471
244422057
244422772
244422574
244422677
244414855
244422374
244422159
244422472
244422058
244422773
244422575
244422678
244422774
244422473
244422059
244422775
244422577
244422679
244423579
244422578
244422680
244423580
244422376
244422160
244423581
244422377
244422161
244423582
244422378
244422162
244422476
244422060
244422776
244422579
244422681
244423583
244422379
244422163
244423584
244422380
244422164
244422478
244422061
244422777
244422580
244422682
244423585
244422381
244422165
244422479
244422062
244422166
244423586
244422382
244422683
244423587
244422383
244422684
244422779
244422581
244422685
244423589
244422384
244422169
244423590
244422582
244422063
244422170
244422482
244422064
244422781
244422583
244422687
244423591
244422386
244422171
244422483
244422387
244422172
244422484
244422066
244422782
244422584
244422688
244422783
244425849
244425850
244425851
244425853
244425954
244426156
244426157
244426158
244426159
244426260
244426462
244426563
244426056
244426463
244426564
244426262
244426362
244426160
244425856
244425955
244426161
244425857
244425956
244426058
244426464
244426565
244426263
244426363
244426162
244425858
244425957
244426264
244426465
244426566
244426265
244426466
244426567
244426266
244426467
244426568
244426267
244426468
244426569
244426062
244426364
244426570
244426063
244426469
244426571
244426064
244426470
244425958
244426268
244426471
244426573
244426065
244426367
244426164
244425959
244426269
244426472
244426574
244426066
244426368
244426165
244425859
244425960
244426270
244426473
244426575
244426067
244426369
244426166
244425860
244425961
244426271
244426474
244426576
244426068
244426370
244426167
244425861
244426371
244426168
244425862
244425963
244426272
244426475
244425964
244426273
244426476
244426578
244426069
244426372
244426169
244425863
244425965
244426274
244426477
244426579
244426070
244426373
244426170
244425864
244425966
244426275
244425865
244426580
244426276
244426479
244425967
244426277
244426480
244425968
244426072
244426374
244426171
244425866
244426581
244426278
244426481
244425969
244426073
244426375
244426172
244426074
244426376
244425970
244426279
244425868
244426582
244426174
244425869
244426377
244426175
244425870
244426584
244426176
244425871
244426585
244426076
244426483
244426586
244426077
244425872
244426587
244426177
244426282
244426378
244426178
244426283
244426379
244426179
244425875
244426588
244426079
244426485
244426589
244426180
244426284
244426486
244425973
244426285
244426487
244426590
244426181
244425877
244426382
244425975
244426082
244425878
244426592
244426183
244426287
244426489
244425976
244426084
244426490
244426593
244426085
244426491
244425978
244426289
244426384
244426184
244425880
244426594
244426086
244426492
244425979
244426290
244426385
244426185
244425881
244426595
244426087
244426493
244425980
244426291
244426386
244426186
244425882
244426596
244426088
244426494
244425981
244426292
244426387
244426187
244425883
244426597
244426089
244425884
244426598
244426090
244426496
244426599
244426188
244425885
244426600
244426092
244426497
244425983
244426293
244426498
244426601
244426093
244426499
244425985
244426094
244426500
244426602
244426189
244425886
244426389
244426190
244426295
244426390
244426191
244425888
244426604
244426096
244426501
244425987
244426296
244426391
244426192
244425889
244426605
244426097
244426502
244425988
244426098
244426503
244425989
244426298
244426504
244426606
244426099
244426505
244425991
244426100
244426506
244426607
244426101
244426507
244426608
244426102
244425890
244426609
244426193
244425891
244426610
244426104
244426509
244425994
244426105
244426510
244425995
244426301
244426393
244426194
244426302
244426394
244426195
244425893
244426611
244426196
244426303
244426511
244425996
244426107
244425895
244426396
244426197
244425896
244426397
244426198
244425897
244426398
244426199
244425898
244426615
244426200
244425899
244426616
244426109
244426513
244425997
244426305
244426514
244425998
244426306
244426400
244426201
244426515
244426617
244426110
244425900
244425999
244426307
244426401
244426202
244426516
244426000
244426111
244426517
244426001
244426112
244425902
244426002
244426113
244425903
244426619
244426308
244426402
244426203
244426518
244426003
244426114
244425904
244426620
244426309
244426403
244426621
244426310
244426404
244426205
244426519
244426004
244426115
244425905
244426622
244426311
244426405
244426206
244426520
244426005
244426116
244425906
244426623
244426312
244426406
244426207
244426521
244426407
244426208
244426313
244426408
244426624
244426314
244425907
244426625
244426315
244426410
244426210
244426523
244426007
244426117
244425908
244426626
244426316
244426411
244426211
244426524
244426008
244426118
244425909
244426627
244426317
244426412
244426212
244426318
244426413
244426009
244426319
244426414
244426119
244426526
244426415
244426120
244426320
244426416
244426121
244426528
244426629
244426214
244425910
244426010
244426321
244426417
244426122
244426529
244426630
244426215
244425911
244426011
244426322
244426418
244426012
244426323
244425912
244426013
244426324
244426420
244426124
244426530
244426631
244426216
244425913
244426014
244426217
244425914
244426015
244426326
244426421
244426125
244426531
244426632
244426218
244425915
244426016
244426327
244426422
244426126
244426328
244425916
244426017
244426329
244426424
244426127
244426533
244426425
244426128
244426534
244426634
244426219
244425917
244426018
244426330
244426426
244426129
244426535
244426635
244426130
244426331
244426427
244426131
244426537
244426636
244426221
244425918
244426637
244426222
244425919
244426638
244426223
244425920
244426021
244426332
244426428
244426132
244426333
244425921
244426639
244426224
244425922
244426023
244426334
244426430
244426133
244426335
244425923
244426640
244426225
244426540
244426641
244426226
244425925
244426642
244426227
244425926
244426643
244426228
244426541
244426644
244426229
244425928
244426645
244426230
244425929
244426134
244426336
244426432
244426028
244426542
244426646
244426029
244426543
244426433
244426135
244426337
244426434
244426031
244426544
244426435
244444734
244444837
244445243
244445344
244444940
244445244
244445547
244445548
244445549
244445651
244445652
244444941
244445245
244445346
244445246
244445551
244445653
244444943
244445855
244447283
244447284
244445552
244447388
244445348
244447592
244445856
244445349
244447794
244445857
244447694
244447593
244445554
244447695
244447594
244445858
244447696
244447795
244445859
244445350
244447796
244447492
244445556
244447392
244444529
244445040
244445042
244447285
244447390
244447493
244445352
244447393
244447596
244445861
244447698
244447597
244445862
244447699
244447598
244445863
244445353
244447394
244447599
244445560
244447395
244447600
244445561
244447396
244447497
244445562
244447397
244447601
244445563
244447701
244447602
244445864
244452497
244452498
244452501
244452503
244452605
244452808
244452606
244453420
244476843
244476845
244477168
244476847
244477389
244477146
244477392
244476851
244477147
244477148
244477251
244476852
244477040
244477393
244477252
244477279
244477149
244477253
244477280
244477150
244476853
244477281
244477394
244477254
244477151
244476854
244477256
244477282
244477257
244476855
244477154
244477395
244477259
244477506
244452496
244452504
244452499
244452910
244452500
244452502
244453421
244453422
244476846
244476957
244477169
244477170
244477191
244477026
244477685
244477686
244477687
244477688
244477689
244477690
244477692
244477695
244477250
244477500
244477502
244477503
244477042
244477043
244477044
244477396
244477045
244477697
244477397
244477046
244477698
244477156
244477047
244477285
244477507
244477399
244477048
244477700
244477400
244476859
244477508
244477262
244477286
244477158
244477049
244477701
244477401
244476860
244477509
244477402
244477287
244477510
244477263
244476861
244477159
244477050
244477702
244477160
244477051
244477703
244477404
244477288
244477511
244477264
244476862
244477161
244477052
244477704
244477405
244477289
244477512
244477265
244476863
244476864
244477705
244477162
244477053
244476865
244476866
244477291
244477706
244477407
244477054
244476867
244477707
244477408
244476868
244477163
244477055
244477292
244477266
244477293
244477517
244477514
244477515
244477516
244477267
244477709
244477164
244477056
244477294
244477518
244477268
244477710
244476869
244477165
244477057
244477295
244477519
244477269
244477296
244477520
244477270
244477712
244477521
244477271
244477713
244477522
244477272
244477714
244476870
244477166
244477058
244477297
244477523
244477273
244477715
244476871
244477167
244477059
244477298
244477524
244477274
244477716
244477414
244477409
244477412
244477413
244476872
244480166
244477060
244477299
244477525
244477275
244477717
244477415
244476873
244480167
244477061
244477300
244477526
244477276
244477718
244477416
244476874
244480268
244477417
244476875
244480169
244477418
244476876
244480170
244477063
244477301
244477527
244477277
244480269
244477419
244476877
244480270
244477420
244476878
244480172
244477064
244477302
244480173
244477065
244477303
244477529
244477278
244477304
244477530
244480370
244480272
244477421
244476879
244480273
244477422
244476880
244480274
244477423
244476881
244480176
244477066
244476882
244480177
244480371
244477306
244477531
244480372
244480275
244477532
244480373
244480276
244477425
244476883
244480178
244480578
244477307
244477533
244480374
244480277
244477426
244476884
244480179
244480579
244477308
244480180
244480580
244477309
244477535
244480375
244480278
244477427
244476885
244480181
244480581
244477310
244480279
244477536
244480582
244477311
244476886
244477312
244477537
244477428
244480280
244480182
244476887
244480376
244480583
244477313
244477538
244480584
244477314
244477539
244477430
244480281
244480183
244476888
244480282
244480184
244476889
244480585
244477315
244477540
244477431
244480283
244477541
244477432
244480284
244480186
244476890
244480187
244477433
244480587
244477316
244480188
244480588
244480285
244480189
244480589
244477317
244477543
244480590
244477318
244480288
244477319
244480381
244480378
244480379
244480380
244477435
244477320
244476895
244480591
244480289
244477546
244480190
244477436
244477322
244480383
244480592
244480290
244477547
244480384
244480593
244477437
244477438
244477548
244480594
244480292
244477549
244480595
244477439
244477323
244480386
244480596
244477440
244477551
244480193
244477441
244477552
244480194
244476897
244480295
244480387
244480599
244477443
244477324
244477553
244476898
244480297
244480389
244480600
244480298
244477555
244480601
244480299
244480390
244480602
244480603
244477326
244477444
244477327
244480605
244480300
244480391
244477445
244477328
244476902
244477559
244477329
244476903
244480392
244477446
244476904
244480393
244477330
244480607
244477560
244480301
244480196
244477447
244476905
244480394
244477331
244480608
244477561
244477332
244480609
244477562
244480303
244480197
244477448
244476906
244480395
244477333
244476907
244480396
244477334
244480611
244477563
244480304
244480198
244477564
244480305
244480199
244477450
244476908
244480200
244480306
244480201
244477452
244476909
244480202
244477453
244476910
244480399
244477335
244476911
244480400
244477336
244477337
244476912
244480203
244480401
244480307
244480204
244480402
244476914
244477338
244477454
244480613
244480308
244480205
244477568
244477565
244477566
244477567
244480309
244480206
244480404
244480310
244480207
244477569
244477455
244480614
244477570
244477456
244480615
244477571
244480313
244480208
244480406
244480314
244480209
244480407
244476917
244477339
244477457
244480616
244477572
244480315
244480210
244477340
244477341
244477573
244477574
244480316
244480617
244477342
244480408
244480618
244477343
244480318
244480619
244477344
244480409
244480620
244477575
244480410
244477576
244477458
244477577
244477459
244476921
244476918
244476919
244476920
244480213
244477460
244476922
244477346
244477461
244476923
244477347
244480414
244480622
244477579
244480320
244480623
244477348
244480415
244480624
244477581
244480321
244480215
244477462
244476924
244477349
244480416
244476925
244477350
244480417
244476926
244477351
244477463
244476927
244477352
244480419
244480627
244477582
244480322
244480216
244477464
244476928
244477353
244480420
244476929
244477354
244477465
244480323
244480217
244477466
244476931
244480218
244477583
244480324
244480629
244477356
244480422
244480630
244477585
244480325
244480220
244477468
244476932
244477357
244477469
244476933
244480221
244477586
244480424
244476934
244477359
244477471
244476935
244477360
244480426
244480632
244477587
244480327
244480222
244477472
244476936
244477361
244480427
244480633
244477588
244480328
244480634
244480329
244480224
244477473
244476937
244477362
244480428
244480635
244480330
244480225
244477474
244476938
244477363
244480429
244480636
244480331
244480226
244477475
244476939
244477364
244477476
244476940
244477365
244480431
244480637
244477366
244480432
244480638
244477593
244477589
244477590
244477591
244480332
244480227
244477477
244476941
244477367
244480433
244480639
244477594
244480333
244480228
244477478
244476942
244477368
244480434
244480640
244477369
244480435
244480641
244477596
244480334
244480229
244477479
244476943
244477370
244480436
244476944
244477371
244480437
244480643
244477597
244480335
244480230
244477480
244476945
244477372
244480438
244480644
244477598
244480336
244480231
244477481
244476946
244480232
244477482
244480337
244480233
244477483
244476948
244480234
244477599
244480439
244480645
244477600
244480339
244480235
244477485
244476949
244477375
244477486
244476950
244480236
244480440
244480646
244477601
244480340
244477376
244477487
244476951
244480237
244477488
244476952
244480238
244480442
244476953
244480239
244480443
244480648
244480240
244477489
244480341
244477377
244477490
244476955
244480241
244480445
244480649
244477603
244480342
244477378
244477491
244476956
244480242
244480446
244480650
244480243
244480447
244484708
244480244
244480448
244480652
244480245
244480449
244480653
244480246
244480450
244480654
244477607
244480343
244477379
244477492
244484709
244480247
244480451
244484710
244480248
244480452
244484711
244480249
244480453
244484712
244484713
244477380
244477493
244484714
244477381
244477608
244480454
244480658
244484810
244477382
244480659
244480455
244477383
244480344
244484811
244484715
244480250
244477494
244480660
244480456
244477384
244480345
244484812
244484716
244480251
244477495
244484717
244480457
244484718
244480346
244477497
244477385
244480252
244477498
244477386
244480253
244484814
244480661
244480458
244484719
244480347
244484912
244477387
244480254
244477388
244480255
244484816
244480662
244480459
244484720
244480348
244485019
244480256
244484721
244480460
244480349
244484722
244484817
244480350
244480461
244480257
244480663
244484818
244485020
244484723
244480351
244480462
244484724
244484725
244480664
244484819
244485021
244484726
244484820
244485022
244484727
244484821
244485023
244484916
244484913
244484914
244484915
244484822
244485024
244484729
244484823
244485025
244480353
244484824
244480463
244480354
244484825
244485027
244484731
244484826
244480464
244480355
244484827
244485029
244484732
244480260
244484917
244480665
244480465
244484918
244480666
244480466
244480357
244484828
244485030
244484733
244480261
244485031
244484734
244480262
244484920
244484735
244480467
244484921
244484736
244480468
244484922
244484737
244480469
244480263
244484924
244480669
244480264
244480358
244480670
244480265
244484925
244480671
244484829
244485032
244484738
244484830
244485033
244480360
244480471
244485034
244484831
244484928
244480672
244484832
244484929
244480472
244485121
244485036
244485530
244485122
244484931
244480674
244485123
244480362
244485531
244485038
244484743
244484740
244484741
244484742
244484835
244484932
244484744
244484836
244484933
244480676
244485124
244484745
244484837
244485039
244484746
244485532
244485125
244480364
244485533
244485041
244484747
244484839
244480678
244484840
244485944
244484841
244484842
244485128
244480365
244486153
244484843
244485043
244484749
244485535
244484940
244484934
244484936
244484937
244485044
244486155
244484845
244485130
244484750
244484846
244485046
244486156
244484942
244480367
244485536
244484751
244484847
244485047
244486157
244484943
244480368
244486158
244484848
244480369
244485538
244484753
244484849
244485049
244486159
244484945
244485050
244486160
244484946
244486358
244485539
244485134
244485131
244485132
244485133
244484754
244484850
244485135
244484755
244484851
244485052
244486161
244484852
244485053
244486162
244484948
244486359
244485540
244484949
244486360
244486163
244485136
244486361
244486164
244485137
244484757
244484853
244485054
244485541
244484950
244486362
244486165
244484951
244486363
244486166
244484952
244485140
244486364
244485542
244486167
244484953
244486168
244486365
244485544
244485055
244486366
244485545
244485056
244484759
244484854
244485141
244485057
244486367
244484954
244485546
244484855
244484760
244486169
244485142
244485058
244486368
244484955
244485547
244484856
244484761
244485548
244484857
244484762
244485143
244486369
244484858
244484956
244485549
244484859
244485144
244485059
244484860
244485550
244484763
244486370
244486171
244485145
244485060
244486172
244485146
244485061
244484861
244484957
244485551
244484764
244486371
244485062
244485147
244485063
244484862
244484958
244485148
244484863
244486373
244485552
244484765
244486173
244485064
244484959
244486174
244485065
244484960
244486374
244485150
244485553
244485066
244484864
244486375
244485067
244484865
244486376
244485152
244484961
244486175
244484767
244485554
244485068
244484866
244486377
244485153
244484962
244486176
244484768
244485555
244485069
244484867
244486378
244485154
244484963
244486177
244484769
244485556
244485070
244484868
244486379
244485155
244484964
244484770
244484965
244484771
244485558
244484772
244485559
244485072
244484869
244486380
244485073
244484773
244485560
244485074
244484871
244485561
244486181
244486178
244486179
244486180
244484774
244484966
244486382
244485076
244484872
244484775
244486383
244486183
244484776
244484967
244485563
244485077
244484968
244485159
244484777
244486385
244486184
244484874
244486386
244486185
244484875
244486387
244485160
244484876
244484970
244485078
244486187
244485565
244484778
244484877
244485161
244484779
244486388
244484878
244484780
244485566
244485162
244484971
244485079
244486188
244486389
244484879
244485567
244485163
244484972
244485080
244486189
244486390
244484880
244485568
244485569
244485081
244485164
244485570
244484881
244485165
244485571
244484882
244486191
244484973
244486192
244486391
244484974
244484883
244484975
244485166
244485572
244486392
244484976
244484786
244484781
244484782
244484784
244484884
244485082
244486193
244486393
244485167
244485573
244485083
244486194
244484979
244484886
244484887
244485169
244484888
244484980
244486394
244484889
244486195
244485084
244485577
244485574
244485575
244485576
244484789
244485170
244485578
244486196
244485085
244484891
244484982
244486395
244484790
244485171
244485579
244486197
244486198
244484983
244486396
244486199
244484984
244485086
244484985
244486398
244486200
244485172
244484893
244484791
244485087
244485580
244484986
244486399
244485581
244484987
244486400
244486202
244485173
244484894
244484792
244485088
244485582
244484988
244485089
244485583
244484989
244486402
244485584
244486403
244486204
244484990
244486404
244486205
244485585
244484991
244484895
244485586
244485091
244484992
244486206
244484993
244486405
244484994
244484794
244484896
244486207
244484995
244486208
244484996
244484795
244484897
244485175
244486406
244484898
244484899
244485591
244485587
244485589
244485590
244486407
244484900
244486408
244486409
244486210
244485592
244486211
244484997
244486410
244486212
244484796
244484901
244486411
244486213
244484902
244486412
244486214
244484797
244484999
244485093
244485001
244486215
244485179
244485176
244485178
244485593
244485594
244485595
244486413
244485596
244484904
244486414
244485597
244485180
244484798
244484905
244485598
244485002
244486216
244485094
244484799
244486217
244485095
244485004
244484907
244486415
244485181
244484800
244486218
244485096
244485006
244486416
244485008
244485009
244484908
244485182
244486219
244486417
244485010
244486220
244484910
244485183
244484911
244485184
244484801
244486418
244485011
244486419
244485012
244486221
244486222
244485185
244490547
244486223
244485186
244490548
244484804
244485187
244486421
244486224
244485604
244485599
244485601
244485602
244485603
244485097
244485098
244490549
244485014
244486422
244486225
244485605
244486423
244484805
244485099
244486424
244486227
244485606
244490551
244485015
244485188
244484806
244485100
244485607
244485101
244485190
244484807
244485102
244486425
244486426
244485016
244485608
244490553
244486228
244485191
244484808
244485103
244485192
244484809
244485104
244486427
244485609
244490554
244485193
244491570
244486428
244485610
244486429
244491571
244485194
244490556
244485195
244485196
244486231
244485017
244485018
244491469
244486229
244486230
244485105
244485106
244485107
244485197
244485198
244485199
244485200
244485108
244485612
244485109
244485110
244485111
244486232
244486233
244486234
244486235
244485112
244485113
244485114
244485115
244485116
244485117
244485118
244485119
244485120
244485613
244490557
244494757
244486236
244485614
244491470
244490558
244494758
244485615
244491471
244490559
244486237
244485201
244490560
244491575
244485616
244490561
244491576
244494759
244491472
244491473
244486238
244494760
244485202
244485203
244485618
244491577
244494761
244491474
244490563
244485204
244485619
244485620
244491475
244486239
244491578
244485205
244494762
244485621
244490566
244494763
244485623
244490567
244486240
244491579
244485206
244491581
244490568
244486241
244491582
244490569
244486431
244491583
244486432
244491584
244494766
244494767
244491476
244490571
244491585
244485211
244485624
244490572
244486433
244486242
244486434
244491477
244485625
244486243
244486435
244485213
244490573
244491478
244485626
244486244
244490574
244491479
244485627
244486245
244494770
244494768
244494769
244491587
244491588
244491589
244491480
244486436
244485214
244490576
244491590
244494771
244485628
244486246
244486437
244486438
244491481
244486247
244491592
244494772
244486439
244486248
244494773
244490577
244485215
244486440
244486249
244491593
244486441
244494774
244490578
244486250
244485629
244485218
244486251
244485219
244491482
244491594
244486442
244494775
244486252
244485221
244491483
244496407
244491484
244491596
244496408
244494776
244491597
244486444
244491598
244486445
244494778
244490582
244485630
244485631
244485632
244485633
244490579
244490580
244486253
244496921
244491486
244496922
244485635
244496409
244491487
244486446
244494779
244490583
244496410
244491489
244491599
244485636
244497539
244490584
244496924
244491600
244490585
244496411
244496925
244491601
244494780
244491490
244496412
244491602
244494781
244490586
244491603
244496413
244491491
244496926
244494782
244491604
244490587
244496414
244491492
244496927
244491493
244496929
244491605
244496930
244490588
244491606
244496415
244486450
244486447
244486448
244486449
244491607
244496932
244490589
244496416
244497541
244494783
244496417
244486452
244491495
244496934
244490590
244491608
244497542
244490591
244491609
244497543
244494785
244496418
244490592
244496419
244490593
244491496
244496420
244490594
244491497
244496935
244496421
244496422
244496423
244496424
244496936
244486453
244496425
244491610
244496937
244494786
244496426
244491611
244496427
244494787
244486455
244496428
244494788
244496938
244491612
244490595
244486456
244496429
244496939
244496430
244494789
244490596
244486458
244496431
244494790
244490597
244498463
244496432
244494791
244497549
244497545
244497547
244497548
244494792
244491614
244496942
244498464
244496433
244496434
244491615
244490598
244494793
244491617
244496435
244490599
244494794
244491618
244498466
244496943
244491619
244496437
244490600
244494795
244496438
244497550
244496944
244491620
244490601
244491621
244496945
244496439
244497551
244494796
244491498
244490602
244491622
244491499
244490603
244494797
244494798
244491500
244496946
244491624
244491501
244496947
244491625
244491626
244496948
244494799
244491627
244498471
244498467
244498468
244498470
244491502
244496441
244498472
244491503
244496949
244497552
244494801
244497553
244494802
244496950
244494803
244497554
244494804
244498473
244498474
244496952
244497555
244494805
244491630
244491504
244491505
244491506
244496442
244496444
244496445
244491628
244491629
244490604
244490605
244497556
244491507
244494806
244491631
244491508
244496446
244497557
244491509
244496447
244497558
244496448
244491632
244490606
244494807
244491633
244491511
244496449
244497560
244496954
244490607
244494808
244491634
244497561
244496955
244490609
244494809
244496450
244496956
244490610
244496957
244496958
244496959
244496960
244496451
244496452
244496453
244496454
244494810
244490611
244494811
244496455
244491635
244496456
244491636
244491514
244498476
244498477
244498478
244498479
244497562
244497564
244491512
244491513
244496961
244496457
244491637
244491515
244496458
244496963
244490612
244498481
244497565
244494812
244498482
244496964
244491516
244496965
244494813
244491638
244491639
244496459
244490614
244496460
244496461
244490615
244491517
244498483
244491641
244491518
244496967
244498484
244498485
244490617
244491642
244497566
244497567
244497568
244497569
244491643
244496462
244491645
244490618
244497571
244497572
244496463
244491519
244496969
244496464
244496970
244491647
244498486
244498487
244491648
244491649
244491650
244491651
244496465
244498489
244497573
244496466
244498490
244497574
244494818
244494814
244494815
244494816
244494817
244491520
244491521
244496971
244496972
244498491
244491653
244496467
244491522
244491654
244496974
244498492
244498493
244491655
244496468
244491656
244491657
244496469
244496470
244498494
244491658
244496978
244497575
244497576
244497577
244490620
244494819
244494820
244494821
244491523
244496975
244496976
244496977
244497579
244491659
244498496
244494822
244491525
244496471
244496472
244490621
244491526
244496473
244490622
244496980
244496981
244496474
244497581
244494823
244497582
244494825
244494826
244491528
244496982
244498497
244496475
244497583
244491660
244496477
244494827
244491529
244496983
244491661
244496478
244496984
244491530
244494828
244497586
244496986
244491662
244494829
244498501
244498498
244498499
244498500
244497584
244497585
244497587
244497588
244494830
244496479
244497589
244494831
244491532
244496987
244497590
244498502
244491533
244496988
244491663
244494832
244491534
244491664
244497591
244498503
244490627
244490623
244490624
244490625
244490626
244496480
244490628
244494833
244498504
244490629
244496483
244494834
244497592
244491535
244498505
244490630
244496989
244491665
244496484
244494835
244497593
244491536
244498506
244490631
244496990
244498507
244490632
244496991
244491667
244490633
244496992
244491668
244490634
244491537
244496994
244496995
244496996
244494836
244498508
244491669
244497594
244490635
244490636
244490637
244496999
244494837
244498509
244498510
244505480
244497000
244496487
244497595
244498511
244496489
244491538
244497596
244498512
244494838
244496490
244491539
244490638
244498513
244497001
244490639
244491540
244496491
244497002
244490640
244496492
244498514
244496493
244498515
244496494
244490641
244490642
244497601
244497598
244497599
244497600
244497602
244490643
244490644
244497003
244497004
244497005
244497006
244497007
244490645
244496495
244490646
244497008
244496496
244507546
244505481
244496497
244497009
244494842
244494839
244494840
244494841
244507547
244505482
244497604
244497605
244497606
244497607
244497608
244497609
244494843
244494844
244494845
244507548
244497010
244507549
244507550
244507551
244507552
244507553
244496498
244497611
244507555
244494847
244505483
244496500
244507556
244494848
244505484
244496501
244497012
244497612
244507557
244494849
244494850
244494851
244494852
244494853
244494854
244496502
244509289
244498517
244494855
244494856
244494857
244509288
244498518
244497613
244491542
244497614
244491543
244507559
244497013
244496503
244497615
244497014
244496504
244491544
244497616
244491545
244509290
244509291
244509292
244497617
244505488
244505485
244505486
244505487
244498521
244498522
244497619
244507560
244509293
244497620
244496505
244496506
244507561
244505489
244498524
244509294
244491547
244497621
244496507
244507562
244505490
244498525
244507563
244505491
244498526
244509296
244491548
244497622
244496508
244507564
244505492
244498527
244509297
244491549
244509298
244491550
244497020
244497017
244497018
244497019
244497624
244509390
244507565
244505493
244498528
244509299
244491551
244497021
244497625
244491552
244498529
244507566
244505494
244498530
244509301
244491553
244497023
244497626
244509392
244507567
244505495
244509393
244497627
244509394
244505497
244509395
244505498
244498533
244509302
244491554
244497024
244497628
244509396
244507571
244507568
244507569
244507570
244505499
244509397
244507572
244505500
244509398
244507573
244497629
244509399
244505502
244509400
244507574
244505503
244509401
244507575
244505504
244509303
244491555
244497025
244497630
244491556
244497026
244509304
244491557
244509809
244497632
244509403
244507576
244505505
244509404
244507577
244505506
244509305
244491558
244509810
244491559
244509811
244497633
244507578
244505507
244509306
244491560
244509812
244497634
244507579
244505508
244509407
244498538
244498540
244498541
244509405
244509406
244507580
244509813
244509307
244491561
244509814
244497636
244509408
244509815
244497637
244509409
244507582
244505509
244498543
244491562
244509816
244497638
244509410
244507583
244505510
244507584
244497640
244497641
244505512
244491563
244509411
244498544
244498545
244507586
244497642
244505513
244491564
244509412
244509413
244491565
244505515
244505516
244509312
244509308
244509310
244509311
244498548
244491566
244509414
244509313
244509415
244491568
244498549
244507587
244505517
244509314
244509315
244509417
244491569
244498550
244507588
244505518
244509316
244498551
244509817
244509418
244507589
244505519
244509911
244497643
244509317
244509912
244507590
244505520
244509913
244497645
244509318
244498553
244509818
244509319
244509914
244497646
244509320
244498555
244509819
244509420
244507591
244505521
244509915
244507592
244505522
244509916
244497648
244509321
244498556
244509820
244509322
244498557
244509821
244509422
244498558
244509822
244509423
244507594
244505523
244509917
244497649
244509323
244498559
244509823
244509424
244507595
244505524
244509918
244507596
244509919
244507597
244509920
244510115
244509324
244509921
244510116
244509325
244498561
244509824
244509326
244498562
244509426
244509825
244509922
244510117
244509327
244509923
244510118
244509328
244498564
244509427
244509826
244509428
244507600
244505525
244505526
244505527
244505528
244507598
244507599
244505529
244509429
244507601
244509828
244509925
244510119
244509329
244498565
244505530
244509430
244507602
244509829
244509926
244510120
244509330
244498566
244505531
244509431
244507603
244509830
244509927
244510121
244509831
244509928
244510122
244509332
244498567
244505532
244509432
244507604
244509832
244509929
244510123
244509333
244509930
244510124
244509334
244509931
244510125
244509335
244510419
244510126
244509336
244510420
244505534
244509433
244507605
244505535
244509434
244510421
244505536
244509435
244507607
244509834
244509932
244510127
244509337
244510422
244505537
244509338
244510423
244505538
244509934
244510424
244510128
244510425
244505540
244509935
244507609
244509835
244509436
244510129
244510426
244505541
244509936
244507610
244509836
244509437
244510130
244510427
244505542
244509937
244507611
244509837
244509438
244510131
244509342
244509339
244509340
244509341
244510428
244505543
244509938
244507612
244509838
244509439
244510132
244509839
244509440
244510133
244509344
244510429
244505544
244509939
244510430
244505545
244509940
244507614
244509840
244509441
244510134
244509345
244509442
244510135
244509346
244510432
244505546
244509347
244509443
244510136
244509348
244510434
244505547
244509942
244507615
244509841
244509444
244510137
244509349
244510138
244509350
244510139
244509351
244510437
244505548
244509943
244507616
244509842
244507617
244505549
244509352
244510438
244505550
244509945
244507618
244509844
244509448
244509445
244509446
244509447
244507619
244509845
244509449
244510142
244509353
244510439
244510143
244509354
244510440
244505552
244509355
244510441
244505553
244509947
244507620
244505554
244509948
244507621
244509450
244510144
244509356
244510442
244505555
244509451
244507622
244509949
244510145
244509357
244510443
244505556
244509452
244507623
244509950
244510146
244509358
244510444
244505557
244509453
244507624
244509850
244509847
244509848
244509849
244509951
244510147
244509359
244510445
244505558
244509360
244510446
244505559
244509455
244510447
244505560
244509456
244510448
244510148
244509361
244510449
244505562
244509457
244507627
244509458
244510450
244510149
244509362
244509952
244510150
244509363
244510451
244509459
244510452
244509460
244507630
244509852
244509953
244510151
244509364
244510453
244505567
244505563
244505565
244505566
244509461
244507631
244505568
244509462
244510454
244505569
244509463
244507633
244509854
244509464
244510455
244505570
244509365
244510456
244505571
244509466
244507635
244509855
244509955
244510152
244509366
244510457
244505572
244509467
244507636
244505573
244509468
244507637
244509857
244509956
244510153
244509367
244509957
244510154
244509368
244510459
244505574
244509469
244510460
244505575
244509369
244510461
244505576
244509471
244507639
244509858
244509472
244507640
244505577
244509473
244507641
244509959
244510155
244505578
244509474
244509371
244505579
244509372
244505580
244509475
244509373
244509960
244507642
244510463
244509961
244507643
244510464
244509374
244509861
244512869
244509476
244509962
244507644
244509862
244509375
244507645
244510162
244510157
244510160
244510161
244509863
244507646
244512870
244509864
244513795
244509479
244513796
244510163
244513797
244509376
244510164
244513798
244509377
244509963
244510466
244509868
244510167
244509378
244510168
244510169
244513799
244509379
244512874
244509965
244509869
244512875
244513800
244509380
244510170
244513801
244509381
244512877
244509967
244509870
244510468
244509483
244509871
244512878
244513802
244509872
244510172
244513803
244509484
244510173
244513804
244509969
244509382
244510470
244509485
244510174
244513805
244509874
244512879
244509385
244512880
244509970
244509386
244512881
244509971
244509387
244513806
244509486
244509388
244512884
244509972
244509389
244513807
244510472
244509974
244513808
244509975
244515023
244510178
244509487
244510473
244512886
244509488
244515024
244510179
244509489
244515025
244510180
244509976
244515026
244510181
244509491
244510476
244512887
244509876
244510477
244510182
244509492
244509493
244510478
244512889
244510183
244509494
244513810
244509878
244516150
244515027
244510481
244513811
244512890
244513812
244509977
244510184
244513813
244509978
244510185
244509980
244510186
244509881
244513814
244516252
244512891
244510482
244515030
244509981
244510187
244510188
244509883
244512892
244513815
244510483
244510484
244512893
244509982
244510190
244513816
244509886
244510191
244510485
244512894
244509983
244516254
244515032
244513817
244509887
244510192
244515033
244510193
244513818
244509890
244513819
244512895
244513820
244512896
244510489
244509891
244509985
244516255
244515034
244513821
244512897
244510197
244510194
244510195
244510196
244510490
244512898
244510198
244510491
244509893
244509986
244516256
244515035
244513822
244510492
244512899
244510200
244510493
244509895
244509987
244516257
244515036
244513823
244512900
244512901
244510201
244510494
244512902
244510202
244510495
244512903
244510203
244510496
244509898
244509988
244516258
244515037
244512904
244515038
244509989
244510497
244509899
244510205
244512905
244515039
244509991
244516260
244515040
244512906
244510207
244510499
244509900
244515041
244513829
244513824
244513826
244513828
244512907
244510208
244510500
244509992
244516261
244515042
244510501
244512908
244510209
244513830
244509901
244509993
244516262
244515043
244509994
244516263
244515044
244510503
244512909
244510210
244510504
244512910
244510211
244513832
244509902
244509995
244516264
244515045
244510505
244515046
244510506
244512912
244510212
244513833
244509903
244509996
244515047
244510507
244512913
244510213
244510508
244512914
244510214
244513835
244509904
244509997
244513836
244509905
244509998
244515048
244510509
244516269
244516265
244516266
244516268
244515049
244510510
244516270
244515050
244512917
244510215
244513837
244509906
244509999
244513838
244509907
244513839
244509908
244510000
244516273
244515051
244512918
244517177
244516274
244515052
244510514
244510511
244510512
244510513
244512920
244517281
244513841
244509909
244517282
244513842
244509910
244510002
244516275
244515053
244510515
244516276
244517382
244516277
244515055
244513843
244516279
244517383
244516280
244515057
244510517
244512923
244517283
244513844
244517384
244510006
244510003
244510004
244510005
244516281
244515058
244510518
244512924
244517284
244513845
244517385
244510007
244516282
244515059
244510008
244516283
244515060
244517484
244512925
244517285
244513846
244517386
244510009
244516284
244515061
244517485
244512926
244517286
244513847
244517387
244517287
244513848
244517388
244510011
244516285
244515062
244517486
244512927
244515063
244517487
244512928
244515064
244517586
244516286
244515065
244517489
244512929
244517290
244513849
244517389
244516287
244515066
244517490
244512930
244513850
244517390
244517689
244516288
244515067
244517491
244516289
244515068
244512932
244513851
244517391
244513852
244517691
244513853
244512933
244517294
244517291
244517292
244517293
244513854
244517393
244517692
244516291
244515069
244517492
244512934
244516292
244512935
244515070
244517693
244513855
244517394
244517493
244517295
244516293
244515071
244517296
244516294
244515072
244517695
244513856
244517395
244517494
244513857
244517396
244517495
244513858
244517397
244517496
244517297
244516295
244515073
244517696
244516296
244515074
244517298
244516297
244517299
244516298
244515076
244517698
244513860
244517398
244517497
244513861
244517399
244517498
244512941
244512936
244512938
244512939
244517300
244516299
244515077
244517699
244513862
244517400
244517499
244512942
244517301
244516300
244515078
244517700
244513863
244517701
244513864
244515079
244517702
244513865
244517501
244512943
244517302
244516301
244517703
244513866
244517502
244513867
244517405
244517401
244517403
244517404
244517503
244512945
244517303
244516302
244515080
244517704
244513868
244517406
244517504
244512946
244517304
244516303
244515081
244517705
244513869
244517407
244517706
244513870
244515082
244517305
244517506
244513871
244515083
244517306
244516305
244515084
244517709
244513872
244515085
244517710
244513873
244517411
244517507
244512948
244517307
244516306
244515086
244517308
244516307
244515087
244517712
244513874
244517412
244517508
244513875
244517413
244517509
244512950
244517309
244516308
244515088
244517713
244513876
244515089
244517714
244513877
244517415
244517510
244512951
244517310
244516309
244512952
244517416
244517511
244512953
244517312
244516310
244515091
244517512
244516311
244512954
244517313
244516312
244515093
244517513
244513879
244517417
244517715
244512955
244517314
244517716
244512956
244517315
244516314
244515094
244517316
244516315
244515095
244517515
244512957
244515096
244517516
244516316
244515097
244517317
244516317
244517518
244512959
244517419
244517717
244512960
244517318
244516318
244517520
244512961
244517421
244517718
244512962
244517422
244517719
244513882
244517319
244517720
244513883
244517320
244516320
244513884
244517321
244516321
244515102
244515098
244515099
244515100
244517521
244512963
244515103
244517522
244512964
244517424
244517721
244513885
244517322
244516322
244515104
244517523
244512965
244517425
244517722
244512966
244517426
244517723
244517427
244517724
244517324
244516323
244517325
244516324
244515106
244517524
244512967
244517428
244517725
244513890
244513887
244513888
244513889
244517429
244517726
244513891
244517327
244516325
244515107
244517525
244512968
244517430
244517727
244513892
244517431
244517728
244513893
244517329
244516326
244515108
244517330
244516327
244515109
244517527
244512969
244517432
244517729
244513894
244517331
244517730
244512970
244517433
244517528
244512971
244517434
244517732
244513896
244517435
244517529
244512972
244517436
244517734
244512973
244517437
244517530
244516329
244515110
244517531
244512975
244517438
244516330
244522492
244517439
244517532
244512976
244517440
244517533
244512977
244517441
244516333
244522493
244517442
244517534
244517736
244515111
244517535
244522593
244517443
244516335
244522494
244517335
244517737
244515112
244517336
244517738
244515113
244517537
244517444
244516336
244522495
244517337
244517739
244515114
244517338
244517740
244515115
244517539
244517445
244516337
244517446
244516338
244522497
244517339
244517741
244515116
244517540
244522597
244522594
244522595
244522596
244517447
244516339
244522498
244517340
244516340
244522499
244517448
244516341
244522598
244517449
244517541
244522599
244515117
244517542
244522600
244517451
244516343
244522501
244517342
244517743
244522502
244517343
244517744
244515119
244522601
244517452
244516344
244522503
244517453
244516345
244522504
244517345
244517745
244522505
244517346
244517746
244515121
244522602
244517454
244516346
244522506
244517347
244517747
244522507
244517348
244517748
244515123
244522603
244517455
244517546
244517543
244517544
244517545
244522604
244517456
244516348
244522605
244517457
244516349
244522509
244517349
244517749
244522510
244517350
244517750
244515125
244517547
244522606
244517458
244517548
244517751
244515126
244517549
244517752
244522511
244517459
244516351
244522512
244517352
244517753
244515128
244517550
244522609
244517460
244516352
244522513
244517353
244517754
244522514
244517354
244516353
244522515
244517355
244516354
244522516
244517356
244517757
244522916
244517551
244517758
244522917
244517552
244522611
244517461
244516355
244522517
244517357
244517759
244522918
244517553
244522612
244522919
244517358
244517760
244522920
244517359
244522518
244522922
244522923
244517557
244522613
244517463
244516356
244522519
244517362
244517761
244517762
244517763
244517360
244517361
244517764
244522924
244517558
244522614
244517464
244516357
244522615
244522925
244517559
244522616
244517466
244516358
244522521
244517363
244516359
244522617
244522926
244517560
244522618
244517468
244517561
244522619
244517469
244517562
244522620
244517470
244523943
244522523
244517471
244523944
244517365
244517766
244522927
244517563
244522621
244522928
244517564
244522622
244517473
244517565
244522623
244522929
244517566
244517767
244517366
244517768
244522931
244517567
244522625
244517475
244523946
244517367
244517769
244522932
244517568
244522626
244522527
244522524
244522525
244522526
244517368
244517770
244517771
244517569
244522627
244517476
244517571
244522628
244517477
244517572
244522629
244522529
244517369
244523947
244522934
244517370
244523948
244522530
244517574
244523949
244522936
244517371
244522630
244517480
244517372
244523950
244522937
244517373
244522632
244517481
244517775
244522531
244517575
244523951
244522938
244517576
244523952
244522532
244517577
244523954
244522942
244524979
244524788
244522557
244524889
244525002
244523995
244525008
244524717
244523996
244524718
244525009
244525010
244523997
244524719
244523998
244522580
244523962
244523994
244522647
244522673
244522674
244524691
244524819
244524820
244524821
244524822
244524906
244524909
244522578
244522579
244522978
244524720
244522980
244525011
244524910
244522675
244524823
244524911
244524000
244522581
244524912
244524001
244524824
244524913
244524002
244522584
244524723
244522981
244525012
244522676
244522982
244525013
244524724
244522983
244525014
244524725
244522984
244525015
244522679
244524826
244524914
244522680
244524827
244525016
244522681
244524828
244524916
244522682
244524829
244524917
244524005
244524830
244524918
244524006
244522586
244524726
244522985
244525017
244522683
244524831
244525018
244522684
244524832
244525019
244522685
244522986
244525020
244522686
244524834
244524921
244524007
244522587
244524727
244522987
244525021
244522687
244524835
244524922
244522688
244524836
244524923
244524009
244522588
244524728
244522988
244525022
244522689
244524837
244525023
244522690
244522989
244522691
244522990
244525024
244524729
244524838
244524925
244524010
244522589
244522692
244525025
244524730
244525026
244524731
244525027
244524732
244524841
244524926
244524011
244522590
244524927
244524012
244522591
244522694
244522994
244522991
244522992
244522993
244525028
244526720
244522995
244525029
244524734
244524842
244524928
244524013
244522592
244527136
244524014
244525897
244527137
244524015
244524843
244524929
244524016
244525898
244524735
244524017
244524844
244525899
244525031
244527138
244524845
244525900
244527139
244524846
244525033
244524019
244524930
244525034
244524020
244524931
244524738
244522998
244524932
244524739
244522999
244524933
244524740
244523000
244525903
244527140
244524847
244525035
244524021
244523001
244524934
244525036
244523002
244527141
244524741
244524849
244525904
244524022
244524935
244525037
244523003
244527142
244524742
244523004
244527143
244524743
244524851
244525905
244524023
244524936
244525906
244524024
244524937
244524025
244525039
244524938
244527144
244524744
244524939
244524027
244525040
244524853
244525907
244523005
244527145
244524745
244524940
244524028
244525041
244524854
244524746
244523006
244527146
244524747
244524942
244524029
244524748
244524943
244524030
244525043
244524855
244525908
244523007
244527147
244523008
244527148
244524944
244524749
244523009
244525909
244524857
244524945
244524031
244524858
244524859
244525044
244524032
244524860
244525045
244523011
244527149
244524750
244524033
244524861
244525046
244523013
244527150
244524751
244525910
244524946
244524034
244524862
244525047
244524035
244524863
244524947
244524036
244524864
244525049
244523015
244527151
244524752
244525911
244524948
244524753
244525912
244524949
244524754
244525913
244524950
244524039
244524951
244523016
244524040
244524865
244530932
244524755
244524866
244530933
244525915
244524041
244527152
244530934
244527153
244524867
244524042
244525916
244525050
244524756
244527154
244524868
244524757
244530935
244525051
244524043
244525917
244524869
244524953
244527155
244530936
244524759
244525919
244524871
244524954
244527156
244524760
244524761
244524872
244527157
244525922
244524955
244530938
244525053
244527158
244524762
244524873
244527159
244530939
244525054
244527160
244524764
244530940
244524765
244525924
244531043
244531044
244524766
244527161
244525925
244524874
244524767
244524768
244525927
244527162
244530941
244524769
244527163
244530942
244524770
244524771
244525928
244527164
244530943
244531047
244525056
244525929
244532571
244530946
244527165
244524959
244524956
244524957
244524958
244531048
244525930
244532572
244524961
244527166
244524962
244530947
244525931
244524963
244531049
244525932
244527167
244531050
244530948
244527168
244531051
244525934
244524965
244524774
244525058
244524966
244525935
244525059
244532573
244532779
244527169
244531052
244530949
244532780
244527170
244524967
244525936
244525060
244532575
244524968
244532576
244531054
244532577
244524969
244531055
244525061
244531056
244532579
244525938
244532783
244530951
244532580
244530953
244532581
244527171
244530954
244532582
244527172
244530955
244530956
244524972
244531057
244525062
244524973
244527173
244532784
244532583
244527174
244525940
244532785
244531058
244525063
244525941
244532786
244532584
244532585
244524974
244530958
244531059
244532586
244530959
244524975
244527176
244530960
244524976
244530961
244525942
244531060
244532788
244530962
244525943
244524977
244532789
244532588
244532790
244530964
244525944
244524978
244532791
244530965
244525945
244534435
244534436
244531063
244532792
244532590
244531064
244532793
244532591
244532592
244534438
244534439
244534440
244531066
244532593
244532794
244534441
244532795
244532796
244532797
244532798
244532799
244532800
244534442
244534443
244532594
244534444
244532801
244532595
244534445
244534446
244532596
244532599
244532600
244532601
244534450
244532602
244534451
244534452
244534453
244534454
244534455
244534456
244527177
244534457
244534458
244534459
244534460
244525064
244525946
244530966
244530967
244530968
244527179
244527180
244527181
244527182
244527183
244534462
244527185
244530970
244525948
244525066
244525067
244531068
244530971
244534463
244534464
244534465
244534466
244534467
244534468
244534469
244527186
244534470
244527187
244527188
244531070
244530973
244525949
244532803
244531071
244534471
244532804
244525070
244532603
244527189
244530974
244532604
244527190
244530975
244534472
244530976
244532805
244525071
244525951
244525072
244530977
244532605
244527192
244534474
244532806
244532606
244525073
244527193
244525952
244525075
244530979
244534475
244525953
244532807
244534476
244532607
244525954
244525076
244527195
244532808
244534478
244525955
244530981
244532809
244532609
244525077
244527196
244532810
244532610
244525078
244525079
244525080
244530983
244527197
244537731
244530984
244527198
244537732
244525956
244532611
244537733
244527199
244532811
244534480
244530985
244525957
244537734
244530986
244527201
244532812
244534481
244530987
244527202
244537735
244530988
244525960
244532612
244537736
244527204
244532813
244534482
244530989
244534483
244527205
244531072
244532613
244530990
244532814
244532614
244537738
244537739
244532815
244532615
244537740
244532816
244525961
244530991
244531073
244534485
244537741
244527206
244525963
244532616
244532617
244537742
244532817
244531074
244537743
244532618
244532818
244525964
244531075
244532619
244530992
244530993
244530994
244532821
244531076
244525965
244530995
244532621
244527208
244527209
244532822
244525967
244532823
244530996
244532622
244527210
244531077
244532623
244532824
244530997
244534488
244532825
244530998
244532625
244527212
244530999
244534489
244525969
244527213
244531000
244531079
244525970
244527214
244531001
244531080
244525971
244527215
244531002
244531081
244532828
244537744
244534490
244525972
244532829
244537745
244534491
244525973
244527217
244531003
244531082
244532830
244537746
244531083
244534492
244527218
244532626
244525975
244537747
244531084
244532831
244531004
244534493
244527219
244532627
244525976
244537748
244531085
244525977
244527220
244525978
244532833
244532628
244534494
244527221
244531005
244534495
244527222
244531006
244531086
244537751
244534496
244531087
244537752
244534497
244531088
244537753
244532837
244537754
244531007
244531089
244527224
244531008
244531090
244532838
244532839
244532840
